1.000000000000000021e-03	-2.308268914967428440e-05
1.258925411794167490e-03	2.756406864505570316e-05
1.584893192461114082e-03	-3.291344429764905415e-05
1.995262314968880655e-03	3.929827047864304556e-05
2.511886431509582039e-03	4.691808818371464402e-05
3.162277660168382430e-03	5.601060133289905064e-05
3.981071705534977752e-03	6.685887995210352229e-05
5.011872336272729829e-03	7.979989127191222989e-05
6.309573444801942418e-03	9.523459293713855986e-05
7.943282347242829403e-03	1.136398601942581498e-04
1.000000000000002102e-02	1.355825613638448712e-04
1.258925411794170092e-02	1.617361432139408398e-04
1.584893192461117248e-02	1.929001398821415412e-04
1.995262314968885078e-02	2.300230752290237921e-04
2.511886431509587417e-02	2.742292878649072244e-04
3.162277660168388849e-02	3.268502686854435259e-04
3.981071705534985211e-02	3.894611595367235843e-04
5.011872336272740064e-02	4.588376504242481775e-04
6.309573444801955255e-02	5.401778571284219241e-04
7.943282347242845709e-02	6.355699099077901726e-04
1.000000000000004080e-01	7.473137789975779158e-04
1.258925411794172555e-01	8.780407312390268657e-04
1.584893192461120648e-01	1.030744313601134315e-03
1.995262314968888895e-01	1.208807263276939640e-03
2.511886431509592343e-01	1.416020453797987074e-03
3.162277660168395510e-01	1.656588296566488669e-03
3.981071705534993677e-01	1.935112736259961318e-03
5.011872336272750195e-01	2.256390905665755110e-03
6.309573444801969133e-01	2.625717444481150738e-03
7.943282347242862640e-01	3.048371469672150804e-03
1.000000000000006217e+00	3.529457159906345277e-03
1.258925411794175275e+00	4.073517337315168442e-03
1.584893192461123812e+00	4.683967723082684692e-03
1.995262314968893058e+00	5.362295493461940142e-03
2.511886431509597450e+00	6.106949090855663675e-03
3.162277660168402171e+00	6.911833061873781311e-03
3.981071705535002003e+00	7.764315098282280683e-03
5.011872336272761075e+00	8.642675661615070726e-03
6.309573444801981346e+00	9.514126576994842016e-03
7.943282347242877961e+00	1.032817309253750669e-02
1.000000000000008171e+01	1.101584162578782972e-02
1.258925411794176519e+01	1.148674560950046705e-02
1.584893192461127143e+01	1.163098744210773472e-02
1.584893192461113287e+01	1.172371911742557844e-02
1.621810097358929781e+01	1.116889065068280180e-02
1.659586907437560654e+01	1.062910260532917185e-02
1.698243652461744446e+01	1.010427078967367047e-02
1.737800828749375270e+01	9.594320752586479178e-03
1.778279410038922848e+01	9.099187581300370586e-03
1.819700858609983385e+01	8.618815578982533948e-03
1.862087136662867692e+01	8.153157801211967717e-03
1.905460717963247319e+01	7.702175428215187608e-03
1.949844599758045405e+01	7.265836947721164910e-03
1.995262314968879735e+01	6.844117121832371704e-03
2.041737944669529625e+01	6.436995710669431332e-03
2.089296130854039646e+01	6.044455926101141748e-03
2.137962089502232388e+01	5.666482591056827209e-03
2.187761623949553069e+01	5.303059984221335232e-03
2.238721138568340052e+01	4.954169356845659379e-03
2.290867652767773421e+01	4.619786118458931758e-03
2.344228815319922532e+01	4.299876701827091453e-03
2.398832919019491072e+01	3.994395134769511066e-03
2.454708915685031201e+01	3.703279367304100188e-03
2.511886431509580930e+01	3.426447426494245302e-03
2.570395782768864734e+01	3.163793497215515102e-03
2.630267991895382806e+01	2.915184053112251927e-03
2.691534803926916553e+01	2.680454185907201175e-03
2.754228703338167605e+01	2.459404300073808787e-03
2.818382931264455138e+01	2.251797350518945293e-03
2.884031503126607276e+01	2.057356800321322871e-03
2.951209226666387053e+01	1.875765461330556163e-03
3.019951720402017514e+01	1.706665351343636698e-03
3.090295432513591933e+01	1.549658658094564719e-03
3.162277660168381033e+01	1.404309844809946677e-03
3.235936569296284659e+01	1.270148868879659868e-03
3.311311214825912685e+01	1.146675420043985266e-03
3.388441561392027523e+01	1.033364023860959590e-03
3.467368504525318684e+01	9.296698063733169074e-04
3.548133892335756912e+01	8.350346818285818906e-04
3.630780547701015593e+01	7.488937100644734064e-04
3.715352290971728166e+01	6.706813743672520537e-04
3.801893963205614568e+01	5.998375525062642471e-04
3.890451449942808893e+01	5.358129895916285707e-04
3.981071705534975536e+01	4.780741265601276568e-04
4.073802778041130068e+01	4.261071872732669400e-04
4.168693834703357481e+01	3.794214756118154054e-04
4.265795188015930250e+01	3.776038747370843171e-04
4.365158322401663327e+01	3.780014722125996855e-04
4.466835921509634488e+01	3.550524635500938329e-04
4.570881896148754464e+01	3.155859332736679363e-04
4.677351412871986014e+01	2.796590327179675228e-04
4.786300923226387738e+01	2.470543819194849933e-04
4.897788193684466052e+01	2.175576320981545029e-04
5.011872336272727324e+01	1.911727231892986531e-04
5.128613839913653294e+01	1.691809415124753810e-04
5.248074602497730723e+01	1.492980276563605113e-04
5.370317963702532893e+01	1.313728338893389164e-04
5.495408738576251295e+01	1.152595794884930954e-04
5.623413251903496501e+01	1.008181902802982548e-04
5.754399373371575166e+01	8.791458535937123010e-05
5.888436553555895614e+01	7.642091024503315988e-05
6.025595860743584353e+01	6.621571638011320511e-05
6.165950018614828565e+01	5.718408750912937129e-05
6.309573444801939246e+01	4.921771408367156764e-05
6.456542290346563107e+01	4.221491742195280453e-05
6.606934480075967997e+01	3.608062588798879595e-05
6.760829753919826146e+01	3.072630584544566636e-05
6.918309709189372825e+01	2.606985057454129864e-05
7.079457843841387898e+01	2.203543071124104450e-05
7.244359600749909589e+01	1.855331007144892121e-05
7.413102413009184488e+01	1.555963095539611646e-05
7.585775750291847430e+01	1.299617318690868944e-05
7.762471166286927371e+01	1.081009122819960755e-05
7.943282347242825381e+01	8.953633724288790022e-06
8.128305161641003451e+01	7.383849774688121799e-06
8.317637711026721092e+01	6.062286107578552372e-06
8.511380382023776292e+01	4.954679148704691106e-06
8.709635899560818473e+01	4.030645740102625145e-06
8.912509381337467573e+01	3.263375980057490739e-06
9.120108393559110027e+01	2.629331333592127294e-06
9.332543007969924531e+01	2.107950811091022534e-06
9.549925860214374040e+01	1.681367640394946942e-06
9.772372209558120915e+01	1.334138473911803625e-06
