3.981071705534973415e-03 1.025385534740323821e-03 1.032654511710762993e-03
4.466835921509630485e-03 1.025386076007162245e-03 1.035326760638491253e-03
5.011872336272719421e-03 1.025386558246416851e-03 1.038643591295370207e-03
5.623413251903484900e-03 1.025386988263718132e-03 1.042747145639982614e-03
6.309573444801923336e-03 1.025387371356961674e-03 1.047804396972793015e-03
7.079457843841366511e-03 1.025387712858975191e-03 1.054008565296142520e-03
7.943282347242796443e-03 1.025388017266496516e-03 1.061579363046581074e-03
8.912509381337431133e-03 1.025388288446587269e-03 1.070761663733453984e-03
9.999999999999968983e-03 1.025388530303063738e-03 1.081822300705382982e-03
1.122018454301959567e-02 1.025388745758958834e-03 1.095044942800902114e-03
1.258925411794162286e-02 1.025388937784974582e-03 1.110723339222677601e-03
1.412537544622748283e-02 1.025389108982341846e-03 1.129153604396747855e-03
1.584893192461106146e-02 1.025389261464161985e-03 1.150626508286220267e-03
1.778279410038913558e-02 1.025389397422705453e-03 1.175420832338573435e-03
1.995262314968868425e-02 1.025389518646816931e-03 1.203798688988241957e-03
2.238721138568326371e-02 1.022084395666890237e-03 1.236003323496521079e-03
2.511886431509564171e-02 1.022106243050285032e-03 1.272259444474258807e-03
2.818382931264434843e-02 1.022133744065708075e-03 1.312775711596217030e-03
3.162277660168356930e-02 1.022168360651029605e-03 1.357748751300385387e-03
3.548133892335728068e-02 1.022211932157196133e-03 1.407368002727448462e-03
3.981071705534940802e-02 1.022266772389588026e-03 1.461820779069044479e-03
4.466835921509593882e-02 1.022335791415129045e-03 1.521297094803362223e-03
5.011872336272679002e-02 1.022422648323189449e-03 1.585993991431531224e-03
5.623413251903439103e-02 1.022531942492145227e-03 1.656119250220102184e-03
6.309573444801871989e-02 1.022669453014260574e-03 1.731894491894840713e-03
7.079457843841308051e-02 1.022842437560227569e-03 1.813557730076065938e-03
7.943282347242731911e-02 1.023060004995846300e-03 1.901365476514140342e-03
8.912509381337359315e-02 1.023333578514606847e-03 1.995594503334759129e-03
9.999999999999888145e-02 1.023677469502455323e-03 2.096543360612281547e-03
1.122018454301950408e-01 1.024109585496323777e-03 2.204533734111505799e-03
1.258925411794152016e-01 1.024652299038607490e-03 2.319911712679485326e-03
1.412537544622736729e-01 1.025333506686974946e-03 2.443049020217298410e-03
1.584893192461093170e-01 1.026187908663609219e-03 2.574344254602358838e-03
1.778279410038899055e-01 1.027258537935396392e-03 2.714224165780279585e-03
1.995262314968852257e-01 1.028598561245314688e-03 2.863144997366502513e-03
2.238721138568308122e-01 1.030273360861572998e-03 3.021593910228392160e-03
2.511886431509543494e-01 1.032362881712996661e-03 3.190090502261535774e-03
2.818382931264411528e-01 1.034964190103638106e-03 3.369188435616441313e-03
3.162277660168330562e-01 1.038194134778225352e-03 3.559477180642298989e-03
3.548133892335698647e-01 1.042191927985827542e-03 3.761583884568540578e-03
3.981071705534908189e-01 1.047121378136972938e-03 3.976175372233794331e-03
4.466835921509557106e-01 1.053172420027579347e-03 4.203960285862556358e-03
5.011872336272638062e-01 1.060561528274343553e-03 4.445691370865034742e-03
5.623413251903393029e-01 1.069530600224595247e-03 4.702167914810901662e-03
6.309573444801820363e-01 1.080343994768435912e-03 4.974238347072505902e-03
7.079457843841250320e-01 1.093283637576090896e-03 5.262803007055594749e-03
7.943282347242667241e-01 1.108642438607512033e-03 5.568817089470599543e-03
8.912509381337285763e-01 1.126716647817291609e-03 5.893293775671448048e-03
9.999999999999805711e-01 1.147798086907062497e-03 6.237307560723154634e-03
1.122018454301941137e+00 1.172167319212462887e-03 6.601997786527412718e-03
1.258925411794141747e+00 1.200088689225053745e-03 6.988572392043042314e-03
1.412537544622725072e+00 1.231807805477026568e-03 7.398311892375924320e-03
1.584893192461080069e+00 1.267551571400048595e-03 7.832573599280365576e-03
1.778279410038884567e+00 1.307530437099361587e-03 8.292796096418558749e-03
1.995262314968835993e+00 1.351942264284825869e-03 8.780503983550187741e-03
2.238721138568289692e+00 1.400977105656076417e-03 9.297312904691686433e-03
2.511886431509523288e+00 1.454822267716880061e-03 9.844934876179269392e-03
2.818382931264388880e+00 1.513667184995872144e-03 1.042518393149344420e-02
3.162277660168304916e+00 1.577707816576845879e-03 1.103998210067500853e-02
3.548133892335669781e+00 1.647150436421734475e-03 1.169136574314332856e-02
3.981071705534875438e+00 1.722214806191274018e-03 1.238149225376514520e-02
4.466835921509520801e+00 1.803136791245353848e-03 1.311264716307660588e-02
5.011872336272596762e+00 1.890170515553446116e-03 1.388725165363717019e-02
5.623413251903347287e+00 1.983590160780903701e-03 1.470787051562474565e-02
6.309573444801768183e+00 2.083691509202988297e-03 1.557722056588041470e-02
7.079457843841192144e+00 2.190793317126877617e-03 1.649817955577111139e-02
7.943282347242602626e+00 2.305238590197110186e-03 1.747379559437091737e-02
8.912509381337212488e+00 2.427395817217748060e-03 1.850729711456959928e-02
9.999999999999724665e+00 2.557660206287438315e-03 1.960210341085521363e-02
1.122018454301931989e+01 2.696454956592098974e-03 2.076183577850590836e-02
1.258925411794131399e+01 2.844232591054583672e-03 2.199032928493247635e-02
1.412537544622713526e+01 3.001476368941180008e-03 2.329164520474758665e-02
1.584893192461067102e+01 3.168701793089165417e-03 2.467008415078774525e-02
1.778279410038869912e+01 3.346458223318313132e-03 2.613019993385833420e-02
1.995262314968819695e+01 3.535330605494733502e-03 2.767681418403273447e-02
2.238721138568271485e+01 3.735941324388783197e-03 2.931503176619857168e-02
2.511886431509502415e+01 3.948952187700706037e-03 3.105025702176003599e-02
2.818382931264365610e+01 4.175066548275139545e-03 3.288821086701893687e-02
3.162277660168279070e+01 4.415031571470088949e-03 3.483494877647178023e-02
3.548133892335640382e+01 4.669640654801199449e-03 3.689687967586476741e-02
3.981071705534843375e+01 4.939736007306568671e-03 3.908078576498107137e-02
4.466835921509483853e+01 5.226211396493768944e-03 4.139384328336286750e-02
5.011872336272556083e+01 5.530015071252347876e-03 4.384364422294434460e-02
5.623413251903301102e+01 5.852152869684817439e-03 4.643821897908399776e-02
6.309573444801716846e+01 6.193691521436677991e-03 4.918605991479576417e-02
7.079457843841134945e+01 6.555762154770257075e-03 5.209614579069575535e-02
7.943282347242536900e+01 6.939564019329908830e-03 5.517796698351133677e-02
8.912509381337139303e+01 7.346368436280266076e-03 5.844155137652848331e-02
9.999999999999641886e+01 7.777522988263185950e-03 6.189749075262749450e-02
1.122018454301922787e+02 8.234455962418618657e-03 6.555696745004699344e-02
1.258925411794121061e+02 8.718681060537887897e-03 6.943178094613995655e-02
1.412537544622701944e+02 9.231802391280031703e-03 7.353437390601148815e-02
1.584893192461054241e+02 9.775519760272598224e-03 7.787785705806704595e-02
1.778279410038855417e+02 1.035163427483937366e-02 8.247603201809744489e-02
1.995262314968803423e+02 1.096205428106217239e-02 8.734341085016890383e-02
2.238721138568253082e+02 1.160880165186508120e-02 9.249523068506323997e-02
2.511886431509481952e+02 1.229401844583949237e-02 9.794746105350211896e-02
2.818382931264342801e+02 1.301997395758009400e-02 1.037168006371708417e-01
3.162277660168253419e+02 1.378907218137745069e-02 1.098206587472203566e-01
3.548133892335611677e+02 1.460385971123390539e-02 1.162771147719853654e-01
3.981071705534810690e+02 1.546703410127568852e-02 1.231048457088175646e-01
4.466835921509447758e+02 1.638145271178605492e-02 1.303230070689113118e-01
5.011872336272514872e+02 1.735014206721929159e-02 1.379510448220948038e-01
5.623413251903255059e+02 1.837630775367105063e-02 1.460084036941809715e-01
6.309573444801665119e+02 1.946334488441033364e-02 1.545140765093420132e-01
7.079457843841076965e+02 2.061484916309164889e-02 1.634859036826825096e-01
7.943282347242471815e+02 2.183462857527047538e-02 1.729394681430719005e-01
8.912509381337066543e+02 2.312671573969998784e-02 1.828863112673096980e-01
9.999999999999560032e+02 2.449538095157036480e-02 1.933309587996708545e-01
1.122018454301913607e+03 2.594514595040202723e-02 2.042657476988070653e-01
1.258925411794110914e+03 2.748079844543890177e-02 2.111994287915819890e-01
1.412537544622690348e+03 2.910740743127504526e-02 2.111998637678111912e-01
1.584893192461041281e+03 3.083033932576601660e-02 2.111996664378964494e-01
1.778279410038840979e+03 3.265527496091906456e-02 2.111998381809294112e-01
1.995262314968786995e+03 3.458822745540865440e-02 2.111997075111923805e-01
2.238721138568234892e+03 3.663556099397918819e-02 2.111994332450206624e-01
2.511886431509461545e+03 3.880401053444614001e-02 2.112000029288574332e-01
2.818382931264319723e+03 4.110070245644266429e-02 2.112000039160531750e-01
3.162277660168227158e+03 4.353317615718648587e-02 2.112000026765080973e-01
3.548133892335582459e+03 4.610940658750611182e-02 2.112000047433908179e-01
3.981071705534777720e+03 4.883782770525914307e-02 2.119205080021201448e-01
4.466835921509410582e+03 5.172735680177101975e-02 2.112011804679289062e-01
5.011872336272474058e+03 5.478741962828521245e-02 2.122533776961748886e-01
5.623413251903209130e+03 5.802797621131324662e-02 2.121069678467669417e-01
6.309573444801613732e+03 6.145954719491064644e-02 2.126209128783945468e-01
7.079457843841018985e+03 6.509324047989818729e-02 2.123932699741825358e-01
7.943282347242407013e+03 6.894077783861431163e-02 2.134920623319011834e-01
8.912509381336994920e+03 7.301452106016914634e-02 2.112000025662013891e-01
